
385
849
622
230
253
802
737
270
144138
738
886
330
125
671
936
382
144
587
922
446
168
494
888
527
197
385
849
622
230
253
802
737
270
144822
729
268
163
759
852
312
121
696
929
366
138
623
935
430
162
535
903
505
189
431
865
595
221
310
821
702
258
180
769
829
302
122
710
919
354
134
638
940
416
157
554
910
490
183
455
873
576
214
338
832
680
251
204
782
804
293
127
722
906
343
130
655
943
403
152
575
917
472
177
477
882
557
207
365
841
656
242
230
793
778
284
137
736
890
332
126
669
940
389
147
589
923
457
172
498
890
537
200
389
850
635
235
259
804
752
275
150
749
872
322
122
685
937
378
143
609
930
442
166
519
897
520
194
414
859
613
227
289
814
724
266
168
762
850
311
121
700
929
364
138
627
937
428
161
540
905
503
188
437
867
592
220
318
825
700
258
188
774
826
301
124
714
918
353
134
643
941
414
156
561
913
487
183
462
876
573
213
346
835
676
249
212
786
800
291
130
727
902
340
129
659
942
399
151
579
919
468
176
486
885
551
205
374
845
645
238
237
796
765
280
140
740
882
327
124
674
938
382
144
596
926
450
169
505
892
530
198
397
853
624
231
268
807
738
271
155
753
861
316
121
688
932
371
140
615
933
435
164
527
900
510
191
421
862
602
223
297
817
710
261
173
766
837
306
121
705
923
358
136
632
939
420
158
548
908
493
185
446
871
581
216
326
828
686
253
192
777
811
295
124
718
910
346
131
647
940
404
152
566
915
477
179
470
879
561
209
355
838
662
244
221
789
786
286
133
733
895
335
127
665
941
392
148
585
922
461
173
492
887
542
202
381
847
639
236
251
801
758
277
146
746
876
324
123
682
938
379
143
603
928
449
169
518
897
529
197
411
858
623
231
285
813
738
270
166
761
861
316
122
697
934
370
140
624
936
434
163
537
904
509
190
435
867
600
223
311
822
709
261
185
773
837
305
124
711
924
358
135
639
941
419
158
556
911
493
185
456
874
580
216
341
833
686
252
207
783
812
296
130
725
912
347
131
656
944
407
154
576
918
477
179
480
883
562
209
367
843
663
245
235
795
784
286
139
738
894
335
127
672
943
392
148
594
925
461
173
502
891
542
202
393
852
639
236
262
805
756
277
152
751
876
324
123
687
939
380
143
611
931
446
168
523
899
525
196
417
860
619
229
292
816
731
268
170
764
857
314
122
701
932
368
139
628
938
430
162
542
906
505
189
441
869
596
221
321
826
704
259
189
775
830
303
124
714
921
355
134
644
942
416
157
561
913
488
183
464
877
575
214
349
836
679
250
215
787
806
293
133
730
908
344
130
661
945
402
152
580
920
472
177
486
886
556
207
375
845
654
242
242
798
775
283
143
743
889
331
126
676
942
388
147
599
927
456
171
507
893
536
200
400
854
632
234
271
808
747
274
155
754
868
320
122
691
937
376
142
617
933
440
166
527
900
516
193
422
862
608
225
300
818
720
264
176
767
847
310
122
705
928
363
137
634
940
425
160
550
909
499
187
448
872
588
218
329
829
695
256
198
779
821
299
126
719
916
350
133
649
943
410
155
568
915
482
181
473
881
568
212
356
839
671
247
224
791
796
290
135
734
901
339
128
666
944
396
150
589
923
467
175
494
888
548
204
383
848
645
238
253
802
762
279
147
747
882
327
124
682
940
383
145
606
929
450
169
515
896
528
197
409
858
623
231
282
812
735
270
163
759
860
316
122
699
934
370
140
625
936
435
164
538
904
511
191
435
867
602
223
313
823
710
261
185
773
836
305
124
712
923
357
135
642
942
418
158
558
912
492
184
460
876
579
215
343
834
683
252
208
784
809
295
130
727
910
345
131
657
944
403
152
578
919
474
178
484
885
559
208
371
844
659
243
237
796
780
285
140
740
891
333
126
673
942
390
147
596
926
457
172
506
893
537
200
397
853
631
234
265
806
742
272
153
752
867
320
122
689
936
375
142
616
933
441
166
527
900
519
194
423
863
610
226
300
819
722
265
176
767
847
310
123
706
929
363
137
634
940
427
161
549
908
500
187
449
872
588
219
330
829
692
255
197
779
819
299
127
721
915
350
132
651
943
410
155
569
916
481
180
472
880
566
211
356
839
667
246
224
791
792
289
136
734
898
337
128
667
944
396
150
589
923
465
175
496
889
547
204
387
850
644
238
256
803
762
279
149
749
879
326
124
683
939
381
144
608
930
447
168
519
898
525
196
414
860
620
230
290
815
732
269
167
762
856
314
122
699
932
368
139
625
937
431
162
529
900
402
151
367
703
257
97
327
542
198
75
255
801
500
186
159
763
898
335
128
693
938
377
142
581
920
430
162
479
883
516
192
363
802
317
119
286
813
497
185
205
785
585
216
104
720
726
265
101
627
835
310
117
554
910
670
248
470
880
726
267
308
822
841
307
173
763
923
351
133
694
956
406
153
616
933
473
178
524
899
553
206
417
861
648
240
289
815
766
280
167
761
881
326
126
699
944
383
145
626
937
449
169
539
905
527
197
436
867
622
230
317
825
735
270
187
773
858
315
127
713
936
369
140
642
943
432
163
558
912
507
190
459
876
597
222
343
834
706
260
210
785
831
303
132
727
923
355
135
659
947
416
157
575
918
489
183
478
883
575
214
365
842
680
251
232
794
806
294
141
738
908
343
130
671
947
403
152
595
925
473
177
502
892
556
207
394
852
655
242
263
806
775
283
152
750
889
331
125
687
945
388
146
611
931
456
171
522
899
534
199
417
861
631
234
293
816
746
273
171
764
866
319
124
702
938
374
141
631
939
438
165
543
906
513
192
442
870
604
224
323
827
715
263
192
776
839
306
127
717
927
360
136
646
944
422
159
565
915
496
186
467
879
584
217
352
837
690
254
216
788
814
297
134
730
913
347
132
663
946
406
153
583
921
477
179
490
887
560
209
379
847
660
244
248
800
781
285
146
745
895
334
127
681
945
392
148
603
928
460
173
512
895
540
201
403
856
639
236
276
810
756
277
160
757
876
323
124
693
940
379
143
619
934
444
167
531
902
521
195
427
864
614
227
306
821
724
266
177
768
847
310
123
707
928
363
137
636
941
426
161
553
910
502
188
453
874
591
219
334
831
696
256
205
783
822
299
129
724
918
351
133
655
945
412
155
574
918
482
181
477
882
570
212
364
841
670
247
231
794
795
290
140
738
902
339
128
672
945
397
150
593
925
465
175
501
891
547
204
391
851
645
239
260
805
764
279
152
750
881
326
124
686
941
382
144
612
932
449
169
522
898
527
197
417
861
622
230
292
816
735
270
170
764
860
316
123
702
934
369
140
629
938
434
163
544
907
510
191
442
870
598
222
320
826
706
260
192
776
832
304
125
716
922
355
135
647
943
418
157
564
914
490
184
466
878
577
214
350
836
681
251
215
787
805
293
133
730
908
344
130
663
945
403
152
583
921
474
178
488
887
557
207
377
846
657
242
245
799
777
284
144
744
891
332
126
678
943
389
147
601
927
455
171
510
894
537
200
404
856
633
234
276
810
749
274
159
756
869
320
122
692
937
375
142
619
934
441
166
531
902
519
194
428
864
611
227
306
821
724
266
178
768
848
310
123
707
929
364
138
636
940
427
161
551
909
501
187
451
873
590
219
332
830
695
256
199
780
820
299
127
721
918
351
133
652
944
412
155
570
916
483
181
472
880
570
212
357
839
672
248
223
791
798
291
135
733
902
340
129
666
944
399
150
587
923
468
175
493
888
551
206
382
848
651
240
251
801
770
281
146
745
885
329
125
680
941
385
145
604
929
453
170
513
895
533
199
407
857
629
233
278
811
744
272
161
757
867
319
122
695
936
374
141
620
935
437
165
533
903
516
193
429
865
609
226
307
821
720
264
179
769
846
309
124
709
928
362
137
636
941
425
160
552
910
499
187
453
874
587
218
333
830
693
255
200
780
821
299
128
722
916
350
133
652
944
411
155
571
917
482
181
475
881
568
211
360
840
668
247
225
791
792
288
135
734
898
337
128
667
944
396
150
588
923
466
175
491
887
544
203
380
847
638
236
252
802
761
278
147
747
881
327
124
682
942
385
145
607
930
451
170
516
896
531
198
410
858
627
232
282
812
742
272
163
759
865
318
122
696
936
372
141
622
935
438
165
534
903
514
192
432
866
607
225
308
821
716
263
180
770
842
308
123
708
925
360
136
636
940
422
159
553
910
495
185
453
874
586
218
334
831
688
253
199
780
819
298
122
712
771
281
107
611
561
207
79
507
892
436
164
496
889
538
201
388
850
710
261
252
802
821
299
144
741
914
347
131
673
948
403
152
593
925
473
177
500
891
554
206
388
850
653
241
259
804
773
283
151
749
888
330
125
684
944
387
146
607
930
455
171
518
897
535
199
412
859
630
233
285
813
745
273
164
760
868
320
123
697
937
374
141
622
935
438
165
533
903
511
191
429
865
606
225
305
821
716
263
177
768
841
307
123
710
927
361
137
639
941
425
160
554
911
500
187
456
875
590
219
336
832
697
